$ 1 0.005 13.097415321081861 21 5 43 5e-11
S 112 224 64 224 0 0 false 0 2
g 64 240 64 256 0 0
R 64 208 64 176 0 0 40 5 0 0 0.5
t 176 224 208 224 0 1 -47.99999962113811 2.4049999809983885e-8 100 default
r 112 224 176 224 0 1000
r 176 224 176 288 0 1000
g 176 288 176 304 0 0
w 208 240 208 256 0
g 208 256 208 304 0 0
r 208 208 208 144 0 1000
r 208 144 208 80 0 1000
w 208 144 240 144 0
f 240 144 304 144 33 1.5 80
w 304 128 304 80 0
w 304 80 208 80 0
R 368 80 368 48 0 0 40 48 0 0 0.5
w 304 160 304 192 0
34 fwdrop\q0.4 1 1.7143528192810002e-7 0 0.9926731009362969 0 1
d 304 192 368 192 2 fwdrop\q0.4
w 368 288 400 288 0
r 368 288 368 224 0 1000
r 368 352 368 288 0 1000
g 368 400 368 448 0 0
w 368 384 368 400 0
g 336 432 336 448 0 0
r 336 368 336 432 0 1000
r 272 368 336 368 0 1000
t 336 368 368 368 0 1 -0.14817735313360378 1.2408867658272203e-10 100 default
R 224 352 224 320 0 0 40 5 0 0 0.5
g 224 384 224 400 0 0
S 272 368 224 368 0 0 false 0 2
w 368 224 368 192 0
f 400 288 464 288 33 1.5 80
c 464 576 464 656 0 17 7.981374806850389e-7 0
w 672 224 672 192 0
S 576 368 528 368 0 0 false 0 2
g 528 384 528 400 0 0
R 528 352 528 320 0 0 40 5 0 0 0.5
t 640 368 672 368 0 1 -0.14817735313360378 1.24088676582722e-10 100 default
r 576 368 640 368 0 1000
r 640 368 640 432 0 1000
g 640 432 640 448 0 0
w 672 384 672 400 0
g 672 400 672 448 0 0
r 672 352 672 288 0 1000
r 672 288 672 224 0 1000
w 672 288 704 288 0
f 704 288 768 288 33 1.5 80
w 672 192 464 192 0
w 672 192 768 192 0
w 768 192 768 272 0
r 768 304 768 400 0 2.26
g 768 400 768 448 0 0
r 1072 304 1072 400 0 1.3
w 1072 192 1072 272 0
w 976 192 1072 192 0
w 976 192 768 192 0
w 976 288 1008 288 0
r 976 288 976 224 0 50000
r 976 352 976 288 0 1000
g 976 400 976 448 0 0
w 976 384 976 400 0
g 944 432 944 448 0 0
r 944 368 944 432 0 1000
r 880 368 944 368 0 1000
t 944 368 976 368 0 1 -0.14817732881222614 1.2408866442203338e-10 100 default
R 832 352 832 320 0 0 40 5 0 0 0.5
g 832 384 832 400 0 0
S 880 368 832 368 0 0 false 0 2
w 976 224 976 192 0
f 1008 288 1072 288 32 1.5 80
r 368 80 304 80 0 0.25
403 528 240 656 304 0 32_64_0_4099_0.0000762939453125_0.00009765625_-1_2_32_3
403 784 224 912 288 0 50_64_0_4099_0.0000762939453125_0.00009765625_-1_2_50_3
w 368 192 464 192 0
w 464 512 464 432 0
g 464 656 464 672 0 0
w 464 576 464 512 0
w 1072 400 1136 400 0
w 1136 400 1232 400 0
f 816 608 880 608 33 1.5 80
w 784 608 816 608 0
r 784 608 784 544 0 50000
r 784 672 784 608 0 1000
g 784 720 784 768 0 0
w 784 704 784 720 0
g 752 752 752 768 0 0
r 752 688 752 752 0 1000
r 688 688 752 688 0 1000
t 752 688 784 688 0 1 -0.022801924258822694 4.069444448881372e-11 100 default
R 640 672 640 640 0 0 40 5 0 0 0.5
g 640 704 640 720 0 0
S 688 688 640 688 0 0 false 0 2
w 784 544 784 512 0
w 1072 512 1072 400 0
w 784 512 880 512 0
w 880 784 880 832 0
w 880 832 528 832 0
w 528 832 528 576 0
w 528 576 464 576 0
w 880 784 880 656 0
w 880 656 880 624 0
w 880 592 880 560 0
w 880 560 880 512 0
d 1008 512 944 512 2 default
w 944 512 880 512 0
w 1072 512 1008 512 0
f 1264 496 1328 496 32 1.5 80
w 1232 432 1232 400 0
S 1136 576 1088 576 0 0 false 0 2
g 1088 592 1088 608 0 0
R 1088 560 1088 528 0 0 40 5 0 0 0.5
t 1200 576 1232 576 0 1 -0.03862403299942314 5.8080434447294956e-11 100 default
r 1136 576 1200 576 0 1000
r 1200 576 1200 640 0 1000
g 1200 640 1200 656 0 0
w 1232 592 1232 608 0
g 1232 608 1232 656 0 0
r 1232 560 1232 496 0 1000
r 1232 496 1232 432 0 50000
w 1232 496 1264 496 0
w 1328 512 1328 528 0
g 1328 528 1328 544 0 0
w 1328 480 1328 400 0
w 1328 400 1232 400 0
34 fwdrop\q0.3 1 1.7143528192810002e-7 0 0.7445048257022227 0 1
d 480 336 480 240 2 fwdrop\q0.3
w 464 432 464 336 0
w 464 336 464 304 0
w 464 336 480 336 0
w 464 272 464 240 0
w 464 240 480 240 0
w 464 240 464 192 0
o 32 64 0 4099 0.0000762939453125 0.00009765625 0 2 32 3
38 50 F1 0 1 10 -1 Resistance
